PART 1 

==========================================================================

Mean: [ 2886.3806     6.7823     0.1365    50.8607     0.0111   124.8359] 

==========================================================================

Variance: 9932429.7172

==========================================================================

Covariance(Inner Product):
[[ 9932104.7973    -5085.6725       -1.0788     6557.7718       -9.5332
     -8491.7412]
 [   -5085.6725       35.0009       -0.2793        5.4118        0.0586
        -6.3692]
 [      -1.0788       -0.2793        0.0087        0.0055       -0.0003
        -0.1523]
 [    6557.7718        5.4118        0.0055      242.3503       -0.0008
        13.431 ]
 [      -9.5332        0.0586       -0.0003       -0.0008        0.0002
        -0.0283]
 [   -8491.7412       -6.3692       -0.1523       13.431        -0.0283
        47.5598]]

==========================================================================

Covariance(Outer Product):
[[ 9932104.7973    -5085.6725       -1.0788     6557.7718       -9.5332
     -8491.7412]
 [   -5085.6725       35.0009       -0.2793        5.4118        0.0586
        -6.3692]
 [      -1.0788       -0.2793        0.0087        0.0055       -0.0003
        -0.1523]
 [    6557.7718        5.4118        0.0055      242.3503       -0.0008
        13.431 ]
 [      -9.5332        0.0586       -0.0003       -0.0008        0.0002
        -0.0283]
 [   -8491.7412       -6.3692       -0.1523       13.431        -0.0283
        47.5598]]

==========================================================================

Correlation: 
[[ 1.     -0.2728 -0.0037  0.1337 -0.2301 -0.3907]
 [-0.2728  1.     -0.5049  0.0588  0.7534 -0.1561]
 [-0.0037 -0.5049  1.      0.0038 -0.2208 -0.2362]
 [ 0.1337  0.0588  0.0038  1.     -0.004   0.1251]
 [-0.2301  0.7534 -0.2208 -0.004   1.     -0.3127]
 [-0.3907 -0.1561 -0.2362  0.1251 -0.3127  1.    ]]


|x|>0.25 => correlated
|x|<0.25 => not correlated
The graphs produced were consistent with the results below

Attributes 1,2 were negatively correlated
Attributes 1,3 were not correlated
Attributes 1,4 were not correlated
Attributes 1,5 were negatively correlated
Attributes 1,6 were negatively correlated

Attributes 2,3 were negatively correlated
Attributes 2,4 were not correlated
Attributes 2,5 were positively correlated
Attributes 2,6 were not correlated

Attributes 3,4 were not really correlated
Attributes 3,5 were negatively correlated
Attributes 3,6 were negatively correlated

Attributes 4,5 were not correlated
Attributes 4,6 were not correlated

Attributes 5,6 were negatively correlated

==========================================================================
==========================================================================


PART 2

Eigenvalue: 9932118.99158

Eigenvector: [ 1.     -0.0005 -0.      0.0007 -0.     -0.0009]

==========================================================================

Projected Data: 
[   799.9386    999.9393   1249.9385   1599.9368   1999.9367   2499.9379
   3149.9378   3999.939    4999.9398   6299.9404   7999.9412   9999.9413
  12499.9422  15999.9427    499.9282    629.927     799.9266    999.9274
   1249.928    1599.9269   1999.927    2499.9288   3149.929    3999.9302
   4999.9308   6299.9313   7999.9313   9999.9328  12499.9327    199.925
    249.924     314.9209    399.9192    499.9172    629.9157    799.9152
    999.9161   1249.918    1599.9189   1999.919    2499.9206   3149.921
   3999.9214   4999.9219   6299.9223   7999.9223   9999.9231  12499.9235
    199.9206    249.9194    314.9157    399.9137    499.9117    629.9101
    799.9099    999.9113   1249.9137   1599.9152   1999.9149   2499.9159
   3149.9168   3999.9171   4999.9185   6299.9192   7999.9207   9999.9212
    799.9371    999.9379   1249.9378   1599.9369   1999.9366   2499.9381
   3149.9386   3999.9393   4999.9405   6299.9408   7999.942    9999.9421
  12499.944   15999.9438    314.921     399.9191    499.9167    629.9152
    799.9147    999.9156   1249.9174   1599.9197   1999.9196   2499.9202
   3149.9213   3999.9219   4999.9224   6299.9228   7999.9237   9999.925
  12499.9257    399.9362    499.9354    629.9345    799.9343    999.9345
   1249.9355   1599.9362   1999.9368   2499.9377   3149.9394   3999.9399
   4999.941    6299.9417   7999.9418   9999.9442    399.927     499.9252
    629.9239    799.9234    999.9238   1249.9254   1599.9276   1999.9285
   2499.9286   3149.9301   3999.9308   4999.9312   6299.9317   7999.9321
   9999.9321    314.919     399.917     499.9151    629.9136    799.9133
    999.9142   1249.9162   1599.9185   1999.9201   2499.9201   3149.9207
   3999.9219   4999.922    6299.9226   7999.9243    314.9139    399.9119
    499.91      629.9089    799.9088    999.9102   1249.9118   1599.9139
   1999.9153   2499.9154   3149.9162   3999.9177   4999.9185   6299.9211
    249.9368    314.9352    399.934     499.9329    629.9321    799.9318
    999.9323   1249.9335   1599.9356   1999.9372   2499.9374   3149.9387
   3999.94     4999.9408   6299.9412   7999.9421   9999.9431  12499.9443
    249.9183    314.9154    399.9138    499.9124    629.9116    799.9118
    999.9133   1249.9152   1599.9176   1999.9192   2499.9195   3149.9203
   3999.9222   4999.9233   1249.9366   1599.9355   1999.936    2499.9356
   3149.9355   3999.9366   4999.9372   6299.9382   7999.9405   9999.9389
  12499.9376  15999.9373  19999.9349    314.9342    399.9323    499.9305
    629.9283    799.927     999.9262   1249.9264   1599.9271   1999.927
   2499.9267   3149.9274   3999.9283   4999.9284   6299.9309    314.9224
    399.9202    499.9179    629.9157    799.9143    999.9139   1249.9146
   1599.9163   1999.9176   2499.9175   3149.9173   3999.9177   4999.9181
   6299.9212    314.9176    399.9149    499.9123    629.9098    799.9086
    999.9086   1249.9099   1599.9124   1999.9139   2499.9136   3149.9131
   3999.9137   4999.9143   6299.9166    399.9388    499.9376    629.9367
    799.9359    999.9351   1249.935    1599.9356   1999.9361   2499.9357
   3149.936    3999.9371   4999.9375   6299.9383   7999.9412   9999.9422
    399.9308    499.9287    629.9267    799.9252    999.9246   1249.9246
   1599.9261   1999.9277   2499.9279   3149.9276   3999.9283   4999.929
   6299.9296    314.9222    399.9204    499.9178    629.9157    799.9142
    999.914    1249.9146   1599.9164   1999.9187   2499.9195   3149.9189
   3999.9195   4999.92     6299.9211    314.917     399.9141    499.9112
    629.9091    799.9079    999.9078   1249.909    1599.9112   1999.9133
   2499.9143   3149.9138   3999.914    4999.9152   6299.917     499.9363
    629.9343    799.9327    999.9317   1249.9315   1599.9332   1999.9357
   2499.9369   3149.9367   3999.9381   4999.9379   6299.9391   7999.9428
   9999.9412  12499.9384  15999.9372  19999.937     399.9289    499.9254
    629.923     799.9213    999.9209   1249.9215   1599.9238   1999.9269
   2499.9282   3149.9277   3999.9286   4999.9284   6299.9299   7999.9327
    314.9194    399.9179    499.9151    629.9129    799.912     999.9123
   1249.9135   1599.9158   1999.9187   2499.92     3149.9189   3999.9194
   4999.9199   6299.9219   7999.9217    249.9159    314.913     399.9107
    499.9083    629.907     799.9064    999.9071   1249.9085   1599.9107
   1999.9131   2499.9143   3149.9138   3999.9144   4999.9162   6299.918
    399.9349    499.933     629.9312    799.9297    999.9291   1249.9294
   1599.9317   1999.9353   2499.9368   3149.9368   3999.9386   4999.9399
   6299.9399   7999.9404   9999.942     249.9147    314.9123    399.911
    499.91      629.9101    799.9121    999.9153   1249.9151   1599.9171
   1999.9212   2499.9223   3149.9199   3999.9216   4999.9213   6299.9227
    199.9246    249.9235    314.9236    399.9238    499.926     629.9285
    799.931     999.9342   1249.9336   1599.9347   1999.937    2499.9372
   3149.9381   3999.9386   4999.9412   6299.9398    199.9171    249.9161
    314.9162    399.9164    499.9187    629.9205    799.9225    999.9252
   1249.9245   1599.9263   1999.9286   2499.9294   3149.9305   3999.9298
   4999.9326   6299.933     199.9103    249.9095    314.9092    399.9092
    499.9106    629.9117    799.9139    999.9169   1249.9162   1599.9178
   1999.9203   2499.921    3149.9224   3999.922    4999.9231   6299.9231
    199.907     249.9058    314.9056    399.9055    499.9073    629.9089
    799.9113    999.9147   1249.9133   1599.9143   1999.9172   2499.9173
   3149.9181   3999.918    4999.9187   6299.9181    799.9389    999.9375
   1249.936    1599.9351   1999.9357   2499.9357   3149.9342   3999.934
   4999.9354   6299.9353   7999.9366   9999.9371  12499.938   15999.9388
    499.9332    629.9305    799.9277    999.926    1249.9246   1599.9242
   1999.9243   2499.9256   3149.9252   3999.925    4999.926    6299.9267
   7999.9267   9999.9275  12499.9276  15999.9288    499.9236    629.9193
    799.9162    999.9143   1249.9132   1599.913    1999.9139   2499.9159
   3149.9165   3999.9161   4999.917    6299.9179   7999.9174   9999.9203
    499.9166    629.9128    799.91      999.9082   1249.9076   1599.9079
   1999.9093   2499.9115   3149.9125   3999.9122   4999.9127   6299.9141
   7999.9144    629.9363    799.9362    999.9349   1249.9335   1599.9329
   1999.933    2499.9342   3149.9348   3999.9347   4999.9358   6299.9369
   7999.9369   9999.9388  12499.9401  15999.9399    499.9209    629.9167
    799.914     999.9124   1249.912    1599.9124   1999.9138   2499.9156
   3149.9174   3999.9177   4999.9173   6299.9183   7999.9193   9999.9214
  12499.9229    399.9379    499.936     629.9336    799.9315    999.9297
   1249.9288   1599.9293   1999.9308   2499.9334   3149.9366   3999.9376
   4999.9381   6299.9403    399.9252    499.9229    629.9207    799.9195
    999.9202   1249.9212   1599.9211   1999.9224   2499.926    3149.9277
   3999.9286   4999.9288   6299.9291   7999.9299    314.916     399.914
    499.9119    629.9098    799.9093    999.9111   1249.9138   1599.9143
   1999.9154   2499.9186   3149.9193   3999.9204   4999.9197   6299.9191
    314.9104    399.9086    499.9069    629.9053    799.9052    999.9078
   1249.9113   1599.9112   1999.9118   2499.9145   3149.9148   3999.916
   4999.9157   6299.9148    314.9331    399.9319    499.9301    629.9276
    799.9265    999.9279   1249.9292   1599.9303   1999.932    2499.9353
   3149.9413   3999.9385   4999.9386   6299.9392   7999.9408   9999.9419
    249.9133    314.9106    399.9092    499.9087    629.9081    799.9087
    999.912    1249.9169   1599.9187   1999.9182   2499.9202   3149.9246
   3999.9219   4999.922    6299.9216   7999.9213   9999.9205    199.927
    249.9261    314.926     399.9262    499.9294    629.9305    799.9312
    999.9333   1249.9362   1599.9367   1999.9373   2499.9379   3149.9399
   3999.9408   4999.9405   6299.9417    199.9186    249.9175    314.9182
    399.9188    499.9219    629.9223    799.9228    999.9243   1249.9267
   1599.9279   1999.928    2499.9286   3149.9309   3999.9322   4999.9322
   6299.9326    199.9121    249.9112    314.9109    399.9111    499.9123
    629.9125    799.9125    999.9145   1249.9171   1599.9186   1999.9188
   2499.9199   3149.9218   3999.9222   4999.9225   6299.9226    199.9069
    249.9058    314.9055    399.9053    499.9068    629.9076    799.908
    999.9107   1249.9136   1599.9146   1999.9145   2499.916    3149.9177
   3999.9177   4999.9183   6299.9184    199.9307    249.9295    314.9305
    399.9317    499.9362    629.9348    799.9348    999.9356   1249.937
   1599.9364   1999.9387   2499.9403   3149.9415   3999.9454   4999.9447
   6299.9444    199.9214    249.9204    314.9203    399.9203    499.9211
    629.9196    799.9195    999.9209   1249.9229   1599.9238   1999.9246
   2499.9265   3149.9266   3999.9275   4999.9271   6299.9268    799.9345
    999.9357   1249.9363   1599.9351   1999.9336   2499.933    3149.9293
   3999.9293   4999.9286   6299.9288   7999.9295   9999.9299  12499.9311
    799.9298    999.9286   1249.9271   1599.9256   1999.9228   2499.9203
   3149.9191   3999.9184   4999.918    6299.9186   7999.9196   9999.9204
  12499.9205    799.9174    999.9163   1249.9148   1599.9131   1999.9111
   2499.909    3149.9077   3999.9076   4999.9077   6299.9089   7999.9105
   9999.9113  12499.9112    799.9154    999.9118   1249.9095   1599.9078
   1999.9058   2499.9038   3149.9028   3999.9034   4999.9034   6299.905
   7999.907    9999.9091  12499.9102   1599.9375   1999.9325   2499.9303
   3149.9283   3999.9278   4999.9278   6299.9299   7999.9321   9999.9341
  12499.9357    999.9159   1249.9133   1599.9115   1999.9092   2499.9078
   3149.9075   3999.9084   4999.9095   6299.912    7999.9153   9999.9168
    799.9331    999.931    1249.929    1599.9272   1999.9264   2499.9262
   3149.9277   3999.9314   4999.9356    399.9281    499.9262    629.924
    799.9219    999.9199   1249.9184   1599.9175   1999.9172   2499.9181
   3149.9203   3999.9247   4999.9298    399.9189    499.9164    629.9136
    799.9115    999.9098   1249.9088   1599.9087   1999.9093   2499.9111
   3149.9136   3999.9173    399.9137    499.9111    629.9086    799.9064
    999.9052   1249.9045   1599.9049   1999.906    2499.9075   3149.91
   3999.9128    199.9335    249.9325    314.9314    399.9305    499.9296
    629.9267    799.9245    999.9235   1249.924    1599.9246   1999.9259
   2499.9279   3149.9304   3999.9338    199.9134    249.9121    314.9099
    399.9084    499.9072    629.9061    799.9055    999.9065   1249.9083
   1599.9111   1999.9126   2499.9142   3149.9158   3999.9188    199.9334
    249.9323    314.9311    399.9305    499.93      629.9279    799.9262
    999.9257   1249.9264   1599.9268   1999.9272   2499.9283   3149.9295
   3999.9314   4999.9338   6299.9362   7999.9371    199.9235    249.9224
    314.9213    399.9203    499.9196    629.9177    799.9167    999.9166
   1249.9167   1599.918    1999.9187   2499.9196   3149.921    3999.9225
   4999.9251   6299.9277    199.914     249.913     314.9116    399.9108
    499.9102    629.9088    799.9079    999.9082   1249.909    1599.9104
   1999.9113   2499.9118   3149.913    3999.9144   4999.9168   6299.92
    199.9103    249.9092    314.9078    399.907     499.9069    629.906
    799.9051    999.9059   1249.9068   1599.908    1999.9083   2499.9087
   3149.9099   3999.9113   4999.9134   6299.916     199.936     249.935
    314.9331    399.9308    499.9281    629.9268    799.9299    999.9321
   1249.9322   1599.9328   1999.9329   2499.934    3149.9354   3999.9375
    199.9082    249.9071    314.9048    399.9041    499.9059    629.9127
    799.9136    999.9137   1249.9137   1599.9144   1999.914    2499.9149
   3149.9172   3999.9203   2499.931    3149.9277   3999.9258   4999.9265
   6299.9272   7999.9303   9999.9281  12499.9243  15999.9241  19999.9274
   1999.9261   2499.9236   3149.9228   3999.9199   4999.917    6299.9158
   7999.9145   9999.9145  12499.9153  15999.9178  19999.9181   1599.9189
   1999.9135   2499.9116   3149.9099   3999.9076   4999.9058   6299.9047
   7999.9043   9999.905   12499.9068  15999.9079    999.9132   1249.9106
   1599.9093   1999.9078   2499.9055   3149.9031   3999.9009   4999.8989
   6299.898    7999.8979   9999.899   12499.9017  15999.9021   1999.9334
   2499.931    3149.9283   3999.9264   4999.9252   6299.9251   7999.9265
   9999.9286  12499.9265  15999.927   19999.928    1599.9292   1999.9258
   2499.922    3149.9188   3999.9168   4999.9148   6299.9141   7999.9155
   9999.9185  12499.9183  15999.9164  19999.9162    499.9238    629.9218
    799.9199    999.9178   1249.9159   1599.9148   1999.912    2499.9097
   3149.9074   3999.9054   4999.9043   6299.9043   7999.9057   9999.9088
    499.9188    629.9154    799.913     999.9106   1249.9086   1599.9073
   1999.9058   2499.9033   3149.9014   3999.8999   4999.8993   6299.9003
   7999.9042    629.9343    799.9329    999.9307   1249.9288   1599.9267
   1999.9254   2499.9242   3149.9235   3999.9246   4999.9265   6299.9289
    399.9281    499.9262    629.9241    799.9217    999.9196   1249.9179
   1599.9169   1999.9157   2499.9153   3149.9156   3999.9164   4999.9184
   6299.9211    199.9219    249.9211    314.9191    399.9174    499.915
    629.9127    799.9104    999.9091   1249.9084   1599.908    1999.9076
   2499.9073   3149.9079   3999.9091   4999.9108   6299.9139    199.9141
    249.9132    314.9109    399.9091    499.9072    629.9053    799.9037
    999.9031   1249.9028   1599.9029   1999.9031   2499.9031   3149.9039
   3999.9049   4999.9061   6299.9083    249.9381    314.9352    399.9334
    499.9317    629.9299    799.9286    999.9273   1249.9259   1599.9244
   1999.9244   2499.9242   3149.924    3999.925    4999.9267   6299.9289
   7999.9318   9999.9356    249.9155    314.9138    399.912     499.9106
    629.909     799.9077    999.907    1249.9069   1599.9074   1999.9074
   2499.9075   3149.9081   3999.9086   4999.9091   6299.9098   7999.9108
   9999.9133    199.9418    249.9407    314.9389    399.9375    499.9354
    629.9329    799.9313    999.9299   1249.9292   1599.9289   1999.9283
   2499.928    3149.9277   3999.9279   4999.9293   6299.9311   7999.9337
    199.9336    249.9331    314.9318    399.9287    499.9251    629.9226
    799.9219    999.9193   1249.9163   1599.9185   1999.9192   2499.9191
   3149.9194   3999.9208   4999.9225   6299.925     199.9196    249.919
    314.9186    399.9182    499.9164    629.9103    799.901     999.8983
   1249.904    1599.907    1999.9075   2499.9093   3149.9093   3999.9095
   4999.9112    199.9126    249.9118    314.9106    399.9085    499.9025
    629.8945    799.8924    999.8986   1249.9014   1599.9024   1999.9043
   2499.9041   3149.9042   3999.9049   4999.9076    314.9364    399.9346
    499.9345    629.9321    799.9298    999.9202   1249.9143   1599.9219
   1999.9255   2499.9261   3149.9273   3999.9269   4999.9246   6299.9259
   7999.926     199.9154    249.9142    314.9113    399.909     499.9035
    629.8972    799.897     999.9043   1249.9058   1599.9091   1999.9097
   2499.9093   3149.9092   3999.9096   4999.9096    629.9405    799.9381
    999.9362   1249.9348   1599.9333   1999.9327   2499.9319   3149.932
   3999.9323   4999.9317   6299.9319   7999.9341   9999.9345  12499.9361
    629.9283    799.9267    999.925    1249.9234   1599.9226   1999.9219
   2499.9211   3149.9217   3999.9231   4999.9233   6299.9229   7999.9245
   9999.9253  12499.9252    629.9185    799.9158    999.9136   1249.9122
   1599.9111   1999.9108   2499.911    3149.9119   3999.914    4999.9148
   6299.9142   7999.9158   9999.9168    629.9124    799.91      999.9079
   1249.9063   1599.9056   1999.9057   2499.9063   3149.9076   3999.9095
   4999.911    6299.9102   7999.9125   9999.9147    799.9328    999.9323
   1249.9314   1599.93     1999.9294   2499.9291   3149.9302   3999.9325
   4999.9332   6299.9341   7999.936    9999.9385    629.9263    799.924
    999.9221   1249.9205   1599.9195   1999.9193   2499.9196   3149.921
   3999.9233   4999.9246   6299.9246   7999.9262   9999.9289    629.9152
    799.9127    999.9109   1249.9097   1599.9095   1999.9099   2499.9108
   3149.9124   3999.9148   4999.9163   6299.9166   7999.9178   9999.9187
    629.9085    799.9064    999.9048   1249.9038   1599.904    1999.9053
   2499.906    3149.9073   3999.9096   4999.9113   6299.9115   7999.9131
    629.9308    799.9281    999.926    1249.9251   1599.9256   1999.9272
   2499.9295   3149.935     499.9223    629.919     799.9164    999.9152
   1249.9153   1599.9178   1999.9209   2499.9252    399.9127    499.9104
    629.9083    799.907     999.907    1249.9086   1599.9127   1999.9168
    314.9093    399.9075    499.9058    629.9041    799.9033    999.9042
   1249.9061   1599.91     1999.9131    199.9282    249.9273    314.9255
    399.9241    499.9237    629.9237    799.9241    999.926    1249.9281
   1599.9313   1999.9349   2499.935    3149.9349   3999.9369   4999.9392
   6299.9378    199.9074    249.9066    314.9056    399.9054    499.9068
    629.9084    799.9091    999.9101   1249.9115   1599.9146   1999.9184
   2499.9179   3149.9173   3999.9194   4999.9213   6299.9204    199.929
    249.9281    314.9234    399.9213    499.9206    629.9246    799.9314
    999.9307   1249.9316   1599.933    1999.9349   2499.9353   3149.9352
   3999.937    4999.9379   6299.9388    199.9171    249.9162    314.9141
    399.9134    499.9156    629.9237    799.9228    999.9223   1249.9233
   1599.925    1999.9275   2499.9285   3149.9281   3999.9297   4999.931
   6299.9317    199.9098    249.9088    314.909     399.9099    499.915
    629.9157    799.9147    999.9145   1249.9154   1599.9179   1999.9209
   2499.9212   3149.9209   3999.9222   4999.9234   6299.923     199.9076
    249.9068    314.9078    399.909     499.9128    629.9122    799.9114
    999.9115   1249.9122   1599.9156   1999.9188   2499.9185   3149.9181
   3999.9191   4999.9195   6299.9184    199.927     249.9259    314.9245
    399.9242    499.927     629.9341    799.9323    999.932    1249.9329
   1599.934    1999.9352   2499.9356   3149.9373   3999.9394    199.9124
    249.9114    314.913     399.9149    499.9192    629.9167    799.9159
    999.9155   1249.9162   1599.9191   1999.9219   2499.9221   3149.9225
   3999.9242   4999.9238   6299.9246]
