Kernel type: Linear
 Support Vectors: [[ 0.6347  0.2643  0.      0.8482  0.      0.3808  0.      0.0742 -1.    ]
 [ 0.8516  0.      0.      0.8482  0.      0.3808  0.      0.0742 -1.    ]
 [ 0.2205  0.3684  0.      0.5607  0.      0.5157  0.5808  0.2445 -1.    ]
 [ 0.2205  0.3684  0.      0.5607  0.      0.5157  0.5808  0.0742 -1.    ]
 [ 0.0858  0.5826  0.      0.5607  0.      0.7151  0.5341  0.2445 -1.    ]
 [ 0.0858  0.5826  0.      0.5607  0.      0.7151  0.5341  0.0742 -1.    ]
 [ 0.0858  0.5826  0.      0.5607  0.      0.7151  0.5341  0.0055 -1.    ]
 [ 0.7432  0.1322  0.      0.8482  0.      0.3808  0.      0.0742 -1.    ]
 [ 0.8516  0.      0.      0.8482  0.      0.3808  0.      0.0165 -1.    ]
 [ 0.3094  0.6608  0.      0.8482  0.      0.3808  0.      0.739  -1.    ]]
 Bias: -2.0895191296958004
                    Accuracy 0.9912621359223301